0
0.198406912051524
0.393655126978782
0.585785484470186
0.774838324444509
0.960853493062665
1.14387034866759
1.32392776765306
1.50106415026229
1.67531742631720
1.84672506087914
2.01532405984183
2.18115097545749
2.34424191179678
2.50463253014344
2.66235805432442
2.81745327597618
2.96995255974802
3.11988984844315
3.26729866809821
3.41221213300206
3.55466295065446
3.69468342666549
3.83230546959622
3.96756059574162
4.10047993385604
4.23109422982231
4.35943385126481
4.48552879210750
4.60940867707721
4.73110276615316
4.85063995896321
4.96804879912742
5.08335747854967
5.19659384165794
5.30778538959373
5.41695928435144
5.52414235286814
5.62936109106436
5.73264166783656
5.83400992900176
5.93349140119495
6.03111129571985
6.12689451235355
6.22086564310559
6.31304897593206
6.40346849840518
6.49214790133897
6.57911058237150
6.66437964950421
6.74797792459888
6.82992794683273
6.91025197611207
6.98897199644513
7.06610971927447
7.14168658676948
7.21572377507943
7.28824219754756
7.35926250788668
7.42880510331668
7.49689012766454
7.56353747442711
7.62876678979724
7.69259747565367
7.75504869251504
7.81613936245856
7.87588817200371
7.93431357496129
7.99143379524847
8.04726682967000
8.10183045066614
8.15514220902762
8.20721943657809
8.25807924882442
8.30773854757522
8.35621402352796
8.40352215882512
8.44967922957965
8.49470130837019
8.53860426670635
8.58140377746447
8.62311531729414
8.66375416899587
8.70333542387028
8.74187398403908
8.77938456473828
8.81588169658379
8.85137972780999
8.88589282648133
8.91943498267749
8.95202001065229
8.98366155096669
9.01437307259626
9.04416787501331
9.07305909024410
9.10105968490129
9.12818246219211
9.15444006390233
9.17984497235653
9.20440951235473
9.22814585308592
9.25106601001850
9.27318184676809
9.29450507694294
9.31504726596718
9.33481983288215
9.35383405212617
9.37210105529286
9.38963183286848
9.40643723594826
9.42252797793227
9.43791463620083
9.45260765376981
9.46661734092616
9.47995387684363
9.49262731117923
9.50464756565046
9.51602443559359
9.52676759150323
9.53688658055342
9.54639082810047
9.55528963916769
9.56359219991228
9.57130757907470
9.57844472941052
9.58501248910509
9.59101958317122
9.59647462483009
9.60138611687552
9.60576245302187
9.60961191923574
9.61294269505163
9.61576285487183
9.61808036925068
9.61990310616335
9.62123883225937
9.62209521410119
9.62247981938765
9.62240011816295
9.62186348401095
9.62087719523512
9.61944843602434
9.61758429760464
9.61529177937713
9.61257779004219
9.60944914871013
9.60591258599857
9.60197474511653
9.59764218293547
9.59292137104754
9.58781869681100
9.58234046438305
9.57649289574031
9.57028213168695
9.56371423285072
9.55679518066693
9.54953087835067
9.54192715185724
9.53398975083108
9.52572434954322
9.51713654781746
9.50823187194543
9.49901577559053
9.48949364068111
9.47967077829279
9.46955242952016
9.45914376633805
9.44844989245231
9.43747584414043
9.42622659108200
9.41470703717910
9.40292202136690
9.39087631841446
9.37857463971577
9.36602163407142
9.35322188846069
9.34017992880448
9.32690022071886
9.31338717025972
9.29964512465825
9.28567837304773
9.27149114718138
9.25708762214170
9.24247191704112
9.22764809571427
9.21262016740191
9.19739208742651
9.18196775785978
9.16635102818207
9.15054569593386
9.13455550735929
9.11838415804208
9.10203529353359
9.08551250997339
9.06881935470235
9.05195932686826
9.03493587802418
9.01775241271950
9.00041228908397
8.98291881940452
8.96527527069522
8.94748486526035
8.92955078125053
8.91147615321232
8.89326407263101
8.87491758846695
8.85643970768529
8.83783339577944
8.81910157728809
8.80024713630601
8.78127291698868
8.76218172405079
8.74297632325874
8.72365944191714
8.70423376934939
8.68470195737258
8.66506662076644
8.64533033773679
8.62549565037325
8.60556506510147
8.58554105312987
8.56542605089094
8.54522246047721
8.52493265007195
8.50455895437464
8.48410367502122
8.46356908099939
8.44295740905869
8.42227086411574
8.40151161965453
8.38068181812182
8.35978357131778
8.33881896078186
8.31779003817400
8.29669882565120
8.27554731623953
8.25433747420160
8.23307123539958
8.21175050765380
8.19037717109704
8.16895307852444
8.14748005573920
8.12595990189410
8.10439438982880
8.08278526640312
8.06113425282621
8.03944304498174
8.01771331374913
7.99594670532084
7.97414484151588
7.95230932008944
7.93044171503873
7.90854357690518
7.88661643307289
7.86466178806345
7.84268112382722
7.82067590003104
7.79864755434236
7.77659750271003
7.75452713964158
7.73243783847716
7.71033095166013
7.68820781100432
7.66606972795809
7.64391799386514
7.62175388022208
7.59957863893299
7.57739350256073
7.55519968457526
7.53299837959894
7.51079076364878
7.48857799437574
7.46636121130118
7.44414153605031
7.42192007258288
7.39969790742096
7.37747610987405
7.35525573226132
7.33303781013120
7.31082336247828
7.28861339195749
7.26640888509581
7.24421081250117
7.22202012906899
7.19983777418607
7.17766467193207
7.15550173127840
7.13334984628480
7.11120989629344
7.08908274612066
7.06696924624632
7.04487023300093
7.02278652875034
7.00071894207828
6.97866826796660
6.95663528797332
6.93462077040849
6.91262547050786
6.89065013060448
6.86869548029814
6.84676223662270
6.82485110421147
6.80296277546042
6.78109793068949
6.75925723830188
6.73744135494132
6.71565092564753
6.69388658400962
6.67214895231772
6.65043864171269
6.62875625233395
6.60710237346557
6.58547758368048
6.56388245098296
6.54231753294932
6.52078337686690
6.49928051987128
6.47780948908188
6.45637080173584
6.43496496532020
6.41359247770257
6.39225382726003
6.37094949300658
6.34967994471891
6.32844564306067
6.30724703970517
6.28608457745656
6.26495869036959
6.24386980386770
6.22281833485989
6.20180469185593
6.18082927508024
6.15989247658438
6.13899468035807
6.11813626243887
6.09731759102054
6.07653902655993
6.05580092188270
6.03510362228760
6.01444746564952
5.99383278252122
5.97325989623383
5.95272912299608
5.93224077199226
5.91179514547906
5.89139253888108
5.87103324088520
5.85071753353384
5.83044569231694
5.81021798626287
5.79003467802817
5.76989602398621
5.74980227431466
5.72975367308197
5.70975045833269
5.68979286217176
5.66988111084775
5.65001542483500
5.63019601891481
5.61042310225558
5.59069687849190
5.57101754580275
5.55138529698860
5.53180031954765
5.51226279575102
5.49277290271706
5.47333081248473
5.45393669208596
5.43459070361725
5.41529300431025
5.39604374660148
5.37684307820121
5.35769114216144
5.33858807694301
5.31953401648189
5.30052909025464
5.28157342334300
5.26266713649772
5.24381034620152
5.22500316473133
5.20624570021965
5.18753805671524
5.16888033424295
5.15027262886282
5.13171503272848
5.11320763414472
5.09475051762440
5.07634376394462
5.05798745020216
5.03968164986821
5.02142643284245
5.00322186550639
4.98506801077607
4.96696492815405
4.94891267378076
4.93091130048520
4.91296085783500
4.89506139218580
4.87721294673003
4.85941556154509
4.84166927364083
4.82397411700655
4.80633012265726
4.78873731867945
4.77119573027623
4.75370537981190
4.73626628685591
4.71887846822634
4.70154193803276
4.68425670771851
4.66702278610253
4.64984017942054
4.63270889136581
4.61562892312928
4.59860027343926
4.58162293860055
4.56469691253313
4.54782218681024
4.53099875069608
4.51422659118296
4.49750569302796
4.48083603878916
4.46421760886137
4.44765038151139
4.43113433291281
4.41466943718042
4.39825566640407
4.38189299068215
4.36558137815464
4.34932079503573
4.33311120564592
4.31695257244387
4.30084485605768
4.28478801531583
4.26878200727774
4.25282678726384
4.23692230888535
4.22106852407358
4.20526538310891
4.18951283464934
4.17381082575873
4.15815930193455
4.14255820713541
4.12700748380813
4.11150707291444
4.09605691395742
4.08065694500751
4.06530710272820
4.05000732240135
4.03475753795226
4.01955768197429
4.00440768575326
3.98930747929145
3.97425699133129
3.95925614937878
3.94430487972658
3.92940310747674
3.91455075656316
3.89974774977381
3.88499400877255
3.87028945412070
3.85563400529835
3.84102758072534
3.82647009778198
3.81196147282946
3.79750162123007
3.78309045736701
3.76872789466404
3.75441384560487
3.74014822175219
3.72593093376651
3.71176189142476
3.69764100363861
3.68356817847252
3.66954332316157
3.65556634412904
3.64163714700378
3.62775563663727
3.61392171712053
3.60013529180072
3.58639626329759
3.57270453351961
3.55906000367999
3.54546257431239
3.53191214528642
3.51840861582299
3.50495188450940
3.49154184931419
3.47817840760185
3.46486145614730
3.45159089115015
3.43836660824876
3.42518850253416
3.41205646856369
3.39897040037452
3.38593019149693
3.37293573496746
3.35998692334180
3.34708364870756
3.33422580269683
3.32141327649860
3.30864596087092
3.29592374615300
3.28324652227702
3.27061417877989
3.25802660481476
3.24548368916236
3.23298532024227
3.22053138612391
3.20812177453744
3.19575637288453
3.18343506824887
3.17115774740667
3.15892429683684
3.14673460273122
3.13458855100446
3.12248602730391
3.11042691701930
3.09841110529226
3.08643847702577
3.07450891689338
3.06262230934838
3.05077853863279
3.03897748878621
3.02721904365458
3.01550308689877
3.00382950200304
2.99219817228343
2.98060898089595
2.96906181084473
2.95755654498993
2.94609306605569
2.93467125663779
2.92329099921135
2.91195217613828
2.90065466967472
2.88939836197831
2.87818313511538
2.86700887106799
2.85587545174089
2.84478275896840
2.83373067452112
2.82271908011261
2.81174785740586
2.80081688801983
2.78992605353568
2.77907523550307
2.76826431544630
2.75749317487033
2.74676169526674
2.73606975811959
2.72541724491118
2.71480403712771
2.70423001626489
2.69369506383339
2.68319906136429
2.67274189041436
2.66232343257133
2.65194356945899
2.64160218274229
2.63129915413232
2.62103436539118
2.61080769833684
2.60061903484786
2.59046825686806
2.58035524641108
2.57027988556493
2.56024205649642
2.55024164145547
2.54027852277945
2.53035258289739
2.52046370433411
2.51061176971427
2.50079666176643
2.49101826332694
2.48127645734383
2.47157112688060
2.46190215511995
2.45226942536750
2.44267282105530
2.43311222574546
2.42358752313362
2.41409859705230
2.40464533147435
2.39522761051619
2.38584531844105
2.37649833966219
2.36718655874600
2.35790986041503
2.34866812955106
2.33946125119804
2.33028911056496
2.32115159302871
2.31204858413690
2.30297996961057
2.29394563534687
2.28494546742174
2.27597935209247
2.26704717580022
2.25814882517256
2.24928418702584
2.24045314836767
2.23165559639917
2.22289141851734
2.21416050231729
2.20546273559445
2.19679800634670
2.18816620277657
2.17956721329323
2.17100092651457
2.16246723126917
2.15396601659828
2.14549717175769
2.13706058621962
2.12865614967455
2.12028375203299
2.11194328342726
2.10363463421316
2.09535769497168
2.08711235651062
2.07889850986620
2.07071604630459
2.06256485732349
2.05444483465358
2.04635587025999
2.03829785634372
2.03027068534307
2.02227424993490
2.01430844303606
2.00637315780462
1.99846828764114
1.99059372618988
1.98274936734005
1.97493510522691
1.96715083423296
1.95939644898900
1.95167184437523
1.94397691552231
1.93631155781234
1.92867566687988
1.92106913861290
1.91349186915375
1.90594375489998
1.89842469250534
1.89093457888054
1.88347331119412
1.87604078687326
1.86863690360454
1.86126155933470
1.85391465227138
1.84659608088381
1.83930574390352
1.83204354032496
1.82480936940616
1.81760313066936
1.81042472390155
1.80327404915509
1.79615100674824
1.78905549726568
1.78198742155900
1.77494668074724
1.76793317621728
1.76094680962435
1.75398748289241
1.74705509821457
1.74014955805347
1.73327076514168
1.72641862248198
1.71959303334775
1.71279390128326
1.70602113010394
1.69927462389671
1.69255428702018
1.68586002410494
1.67919174005375
1.67254934004174
1.66593272951667
1.65934181419902
1.65277650008219
1.64623669343267
1.63972230079011
1.63323322896749
1.62676938505117
1.62033067640102
1.61391701065047
1.60752829570655
1.60116443974996
1.59482535123508
1.58851093889001
1.58222111171653
1.57595577899013
1.56971485025995
1.56349823534878
1.55730584435299
1.55113758764245
1.54499337586051
1.53887311992386
1.53277673102246
1.52670412061942
1.52065520045090
1.51462988252596
1.50862807912642
1.50264970280671
1.49669466639373
1.49076288298661
1.48485426595663
1.47896872894691
1.47310618587230
1.46726655091913
1.46144973854496
1.45565566347840
1.44988424071885
1.44413538553621
1.43840901347069
1.43270504033248
1.42702338220151
1.42136395542716
1.41572667662796
1.41011146269126
1.40451823077299
1.39894689829727
1.39339738295613
1.38786960270917
1.38236347578319
1.37687892067190
1.37141585613548
1.36597420120032
1.36055387515857
1.35515479756779
1.34977688825060
1.34442006729423
1.33908425505018
1.33376937213378
1.32847533942381
1.32320207806207
1.31794950945295
1.31271755526305
1.30750613742069
1.30231517811550
1.29714459979800
1.29199432517910
1.28686427722970
1.28175437918020
1.27666455452004
1.27159472699724
1.26654482061793
1.26151475964585
1.25650446860188
1.25151387226357
1.24654289566463
1.24159146409443
1.23665950309750
1.23174693847305
1.22685369627441
1.22197970280859
1.21712488463569
1.21228916856842
1.20747248167159
1.20267475126151
1.19789590490556
1.19313587042157
1.18839457587732
1.18367194959000
1.17896792012564
1.17428241629860
1.16961536717097
1.16496670205207
1.16033635049784
1.15572424231031
1.15113030753704
1.14655447647053
1.14199667964767
1.13745684784917
1.13293491209897
1.12843080366368
1.12394445405200
1.11947579501411
1.11502475854115
1.11059127686455
1.10617528245553
1.10177670802442
1.09739548652016
1.09303155112963
1.08868483527711
1.08435527262363
1.08004279706643
1.07574734273829
1.07146884400701
1.06720723547472
1.06296245197734
1.05873442858392
1.05452310059609
1.05032840354741
1.04615027320274
1.04198864555767
1.03784345683791
1.03371464349861
1.02960214222382
1.02550588992582
1.02142582374454
1.01736188104690
1.01331399942620
1.00928211670155
1.00526617091716
1.00126610034178
0.997281843468070
0.993313339011936
0.989360525911944
0.985423343328682
0.981501730644126
0.977595627461020
0.973704973602244
0.969829709110187
0.965969774246117
0.962125109489553
0.958295655537632
0.954481353304482
0.950682143920590
0.946897968732170
0.943128769300533
0.939374487401456
0.935635065024548
0.931910444372623
0.928200567861060
0.924505378117181
0.920824817979611
0.917158830497649
0.913507358930638
0.909870346747327
0.906247737625245
0.902639475450067
0.899045504314981
0.895465768520058
0.891900212571619
0.888348781181606
0.884811419266947
0.881288071948931
0.877778684552573
0.874283202605984
0.870801571839743
0.867333738186267
0.863879647779182
0.860439246952693
0.857012482240957
0.853599300377455
0.850199648294363
0.846813473121928
0.843440722187841
0.840081343016607
0.836735283328927
0.833402491041067
0.830082914264238
0.826776501303968
0.823483200659486
0.820202961023093
0.816935731279546
0.813681460505432
0.810440097968554
0.807211593127305
0.803995895630056
0.800792955314533
0.797602722207203
0.794425146522657
0.791260178662994
0.788107769217209
0.784967868960575
0.781840428854034
0.778725400043582
0.775622733859664
0.772532381816554
0.769454295611756
0.766388427125388
0.763334728419581
0.760293151737867
0.757263649504578
0.754246174324240
0.751240678980968
0.748247116437869
0.745265439836433
0.742295602495942
0.739337557912860
0.736391259760248
0.733456661887154
0.730533718318026
0.727622383252113
0.724722611062875
0.721834356297385
0.718957573675744
0.716092218090485
0.713238244605987
0.710395608457888
0.707564265052495
0.704744169966201
0.701935278944901
0.699137547903406
0.696350932924864
0.693575390260177
0.690810876327425
0.688057347711283
0.685314761162447
0.682583073597058
0.679862242096126
0.677152223904961
0.674452976432595
0.671764457251215
0.669086624095593
0.666419434862519
0.663762847610231
0.661116820557854
0.658481312084832
0.655856280730366
0.653241685192855
0.650637484329333
0.648043637154910
0.645460102842217
0.642886840720849
0.640323810276808
0.637770971151953
0.635228283143445
0.632695706203196
0.630173200437325
0.627660726105604
0.625158243620912
0.622665713548695
0.620183096606414
0.617710353663013
0.615247445738366
0.612794334002749
0.610350979776292
0.607917344528451
0.605493389877463
0.603079077589821
0.600674369579737
0.598279227908611
0.595893614784501
0.593517492561597
0.591150823739691
0.588793570963655
0.586445697022913
0.584107164850923
0.581777937524652
0.579457978264057
0.577147250431569
0.574845717531574
0.572553343209898
0.570270091253295
0.567995925588931
0.565730810283874
0.563474709544589
0.561227587716422
0.558989409283100
0.556760138866223
0.554539741224759
0.552328181254544
0.550125423987782
0.547931434592540
0.545746178372257
0.543569620765244
0.541401727344188
0.539242463815661
0.537091796019627
0.534949689928950
0.532816111648905
0.530691027416694
0.528574403600955
0.526466206701278
0.524366403347725
0.522274960300344
0.520191844448691
0.518117022811350
0.516050462535456
0.513992130896219
0.511941995296450
0.509900023266083
0.507866182461713
0.505840440666116
0.503822765787786
0.501813125860465
0.499811489042679
0.497817823617272
0.495832097990944
0.493854280693789
0.491884340378835
0.489922245821587
0.487967965919566
0.486021469691858
0.484082726278654
0.482151704940803
0.480228375059359
0.478312706135128
0.476404667788221
0.474504229757611
0.472611361900681
0.470726034192783
0.468848216726796
0.466977879712682
0.465114993477051
0.463259528462715
0.461411455228258
0.459570744447597
