Metodo Euler
y(0.0) = 0.0
h = 0.1
0 0.0
1 0.100000000000000
2 0.230000000000000
3 0.402000000000000
4 0.632800000000000
5 0.945920000000000
6 1.37428800000000
7 1.96400320000000
8 2.77960448000000
9 3.91144627200000
10 5.48602478080000
11 7.68043469312000
12 10.7426085703680
13 15.0196519985152
14 20.9975127979213
15 29.3565179170898
16 41.0491250839257
17 57.4087751174960
18 80.3022851644944
19 112.343199230292
20 157.190478922409

Metodo Euler Inverso
y(0.0) = 0.0
h = 0.1
0 0.0
1 0.130000000000000
2 0.318800000000000
3 0.599328000000000
4 1.02295168000000
5 1.66980462080000
6 2.66489520844800
7 4.20323652517888
8 6.58904897927905
9 10.2969164076753
10 16.0671895959735
11 25.0548157697187
12 39.0615126007611
13 60.8979596571873
14 94.9488170652123
15 148.054154621731
16 230.884481209901
17 360.085790687445
18 561.625833472414
19 876.014300216966
20 1366.44630833847

Metodo Euler Aprimorado
y(0.0) = 0.0
h = 0.1
0 0.0
1 0.115000000000000
2 0.273200000000000
3 0.495336000000000
4 0.812097280000000
5 1.26890397440000
6 1.93297788211200
7 2.90380726552576
8 4.32863475297813
9 6.42537943440763
10 9.51656156292329
11 14.0795111131265
12 20.8206764474272
13 30.7856011421922
14 45.5216896904445
15 67.3191007418578
16 99.5672690979496
17 147.282558264965
18 217.889186232149
19 322.374995623580
20 477.001993522899

Metodo Runge Kutta
y(0.0) = 0.0
h = 0.1
0 0.0
1 0.117200000000000
2 0.279737813333333
3 0.509907554076445
4 0.840966095334301
5 1.32252382328002
6 2.02858620464758
7 3.06954966101296
8 4.61009621432173
9 6.89588752611087
10 10.2933852856171
11 15.3492526100646
12 22.8789650935203
13 34.0989948621740
14 50.8239939357338
15 75.7609392203986
16 112.947918399709
17 168.408681474126
18 251.129057111003
19 374.513505461054
20 558.557906546436

Metodo Adam Bashforth de 5 ordem
y(0.0) = 0.0
h = 0.1
0 0.0
1 0.1
2 0.23
3 0.402
4 0.6328
5 1.00006933333333
6 1.56143411259259
7 2.37147895557696
8 3.55628975681026
9 5.32211215281102
10 7.94807143509720
11 11.8428794700379
12 17.6348445650433
13 26.2632360032403
14 39.1161985890128
15 58.2631806513791
16 86.7972738113463
17 129.329225597457
18 192.728523445518
19 287.238075250546
20 428.132098963996

Metodo Adam Bashforth de 6 ordem por Euler
y(0.0) = 0.0
h = 0.1
0 0.0
1 0.100000000000000
2 0.230000000000000
3 0.402000000000000
4 0.632800000000000
5 0.945920000000000
6 1.45035040000000
7 2.23691931688889
8 3.35844174442605
9 4.99695083498148
10 7.48198639667956
11 11.1802888333590
12 16.6249202050360
13 24.7500581304216
14 36.9138997900254
15 55.0062241322631
16 81.9320443028141
17 122.138411354335
18 182.125068886494
19 271.512719182195
20 404.819759848821

Metodo Adam Bashforth de 6 ordem por Euler Inverso
y(0.0) = 0.0
h = 0.1
0 0.0
1 0.130000000000000
2 0.318800000000000
3 0.599328000000000
4 1.02295168000000
5 1.66980462080000
6 2.56669570372267
7 3.83517932594029
8 5.76086180833961
9 8.64973784449651
10 12.8827270903983
11 19.1762162622182
12 28.6224313633973
13 42.6826707427550
14 63.5715579421873
15 94.7590071017959
16 141.323288735407
17 210.695867974306
18 314.116250900087
19 468.445356751209
20 698.631384884925

Metodo Adam Bashforth de 6 ordem por Euler Aprimorado
y(0.0) = 0.0
h = 0.1
0 0.0
1 0.115000000000000
2 0.273200000000000
3 0.495336000000000
4 0.812097280000000
5 1.26890397440000
6 1.94566533580800
7 2.95034555054123
8 4.43033073361869
9 6.62178245644458
10 9.88667894391047
11 14.7449658269955
12 21.9694362353666
13 32.7351647816092
14 48.7896601869608
15 72.7172842441211
16 108.386148255522
17 161.584447620544
18 240.924394284387
19 359.238976622275
20 535.696063138740

Metodo Adam Bashforth de 6 ordem por Runge-Kutta
y(0.0) = 0.0
h = 0.1
0 0.0
1 0.117200000000000
2 0.279737813333333
3 0.509907554076445
4 0.840966095334301
5 1.32252382328002
6 2.02836134047985
7 3.06872220834702
8 4.60828020736213
9 6.89236515086689
10 10.2867228821220
11 15.3372283794532
12 22.8581235247808
13 34.0634846111728
14 50.7642408683034
15 75.6618503726721
16 112.785401547091
17 168.144096399825
18 250.701252221953
19 373.826207774336
20 557.459348935009

Metodo Adam Multon de 6 ordem
y(0.0) = 0.0
h = 0.1
0 0.0
1 0.1
2 0.23
3 0.402
4 0.6328
5 1.00746737037037
6 1.56309571882102
7 2.37334904571755
8 3.57094693738606
9 5.34639799198572
10 7.98194806388197
11 11.9010869918284
12 17.7352785531185
13 26.4260206936633
14 39.3779759558053
15 58.6865751817091
16 87.4775857635036
17 130.413829122128
18 194.451007620763
19 289.965176912914
20 432.434655034191

Metodo Adam Multon de 6 ordem por Euler
y(0.0) = 0.0
h = 0.1
0 0.0
1 0.100000000000000
2 0.230000000000000
3 0.402000000000000
4 0.632800000000000
5 1.00746737037037
6 1.56309571882102
7 2.37334904571755
8 3.57094693738606
9 5.34639799198572
10 7.98194806388197
11 11.9010869918284
12 17.7352785531185
13 26.4260206936633
14 39.3779759558053
15 58.6865751817091
16 87.4775857635036
17 130.413829122128
18 194.451007620763
19 289.965176912914
20 432.434655034191

Metodo Adam Multon de 6 ordem por Euler Inverso
y(0.0) = 0.0
h = 0.1
0 0.0
1 0.130000000000000
2 0.318800000000000
3 0.599328000000000
4 1.02295168000000
5 1.59892438779259
6 2.43611640390521
7 3.67933689568946
8 5.52041123978027
9 8.25317297369450
10 12.3181130965975
11 18.3697536744730
12 27.3847212720405
13 40.8203933266875
14 60.8505866966947
15 90.7180058825352
16 135.259966474465
17 201.692452236769
18 300.779782353099
19 448.579466986871
20 669.045047629504

Metodo Adam Multon de 6 ordem por Euler Aprimorado
y(0.0) = 0.0
h = 0.1
0 0.0
1 0.115000000000000
2 0.273200000000000
3 0.495336000000000
4 0.812097280000000
5 1.27875593253333
6 1.96398870676426
7 2.97291600960857
8 4.46585254625301
9 6.68081660321422
10 9.97256176042288
11 14.8706606356896
12 22.1650559285466
13 33.0340587067988
14 49.2354259765063
15 73.3912718029052
16 109.413084948433
17 163.135768714033
18 243.263450797965
19 362.780377165413
20 541.055593984163

Metodo Adam Multon de 6 ordem por Runge-Kutta
y(0.0) = 0.0
h = 0.1
0 0.0
1 0.117200000000000
2 0.279737813333333
3 0.509907554076445
4 0.840966095334301
5 1.32252474630850
6 2.02858912087727
7 3.06955618604657
8 4.61010922116027
9 6.89591183396206
10 10.2934288498714
11 15.3493284895615
12 22.8790945386405
13 34.0992122044528
14 50.8243543185261
15 75.7615307659127
16 112.948881307703
17 168.410237930530
18 251.131558018277
19 374.517503301591
20 558.564268780921

Metodo Formula Inversa de Diferenciacao de 6 ordem
y(0.0) = 0.0
h = 0.1
0 0.0
1 0.1
2 0.23
3 0.402
4 0.6328
5 0.983515795620438
6 1.52279047796118
7 2.32389215518733
8 3.49965166654230
9 5.23609512123104
10 7.81641960391916
11 11.6571294956299
12 17.3750866690315
13 25.8920371301411
14 38.5858476112741
15 57.5124220117980
16 85.7378117574858
17 127.835844676119
18 190.630784450290
19 284.304374510841
20 424.047040836699

Metodo Formula Inversa de Diferenciacao de 6 ordem por Euler
y(0.0) = 0.0
h = 0.1
0 0.0
1 0.100000000000000
2 0.230000000000000
3 0.402000000000000
4 0.632800000000000
5 0.983515795620438
6 1.52279047796118
7 2.32389215518733
8 3.49965166654230
9 5.23609512123104
10 7.81641960391916
11 11.6571294956299
12 17.3750866690315
13 25.8920371301411
14 38.5858476112741
15 57.5124220117980
16 85.7378117574858
17 127.835844676119
18 190.630784450290
19 284.304374510841
20 424.047040836699

Metodo Formula Inversa de Diferenciacao de 6 ordem por Euler Inverso
y(0.0) = 0.0
h = 0.1
0 0.0
1 0.130000000000000
2 0.318800000000000
3 0.599328000000000
4 1.02295168000000
5 1.62511453972555
6 2.48122006258190
7 3.73603831684331
8 5.60321992188824
9 8.38270146472529
10 12.5153286018927
11 18.6650127461641
12 27.8273302912107
13 41.4862701887451
14 61.8529363827853
15 92.2258164583916
16 137.527330075378
17 205.102004534089
18 305.906973439027
19 456.289130619891
20 680.637025897799

Metodo Formula Inversa de Diferenciacao de 6 ordem por Euler Aprimorado
y(0.0) = 0.0
h = 0.1
0 0.0
1 0.115000000000000
2 0.273200000000000
3 0.495336000000000
4 0.812097280000000
5 1.27512846416350
6 1.95806242441148
7 2.96609563009409
8 4.45661678983006
9 6.66720738868982
10 9.95325633682453
11 14.8440552026781
12 22.1285442243141
13 32.9839807113178
14 49.1671794237402
15 73.2992346315812
16 109.290456347617
17 162.974685633940
18 243.055693702139
19 362.518998422443
20 540.738131181003

Metodo Formula Inversa de Diferenciacao de 6 ordem por Runge-Kutta
y(0.0) = 0.0
h = 0.1
0 0.0
1 0.117200000000000
2 0.279737813333333
3 0.509907554076445
4 0.840966095334301
5 1.32263237584486
6 2.02902494252614
7 3.07064297761622
8 4.61235140584241
9 6.90016575868818
10 10.3011413228151
11 15.3628845338770
12 22.9023756304295
13 34.1384991362843
14 50.8897581447432
15 75.8692407152269
16 113.124692947773
17 168.695085000014
18 251.590165258206
19 375.251888324879
20 559.734768471146

